# Created by Octave 5.1.0, Mon Jun 24 21:34:50 2019 GMT <unknown@DESKTOP-P8VB6ID>
# name: hx
# type: matrix
# rows: 5
# columns: 3
 0.51456703727681874 0.51113199108288854 0.49746013006755652
 0.51458663758245193 0.51113814139878233 0.49744716278258017
 0.5145620942868937 0.51106573720501403 0.49739344948066544
 0.51451597274191607 0.51098136018157625 0.49734838876010662
 0.51449074930364169 0.51096272102451146 0.49735348203325286


